+ iot-device
+ :smiley:
+ DIRECT-5F-HP OfficeJet 200
+ Ring Setup 04
+ Casa de Changos_EXT_EXT
+ SpectrumSetup-64E5
+ Tree Haus
+ SRadio
+ SpectrumSetup-5B
+ Driscoll
+ VC-Hideout
+ googlepolskaarab
+ Casaverde_2GEXT
+ ATTUSEem9M
+ NETGEAR70
+ SpectrumSetup-9F
+ fresh pork
+ SpectrumSetup-59
+ MySpectrumWiFi0B-2G
+ ATTUSEem9M_EXT 2.4GHz
+ DIRECT-E6-HP DeskJet 2800 series
+ ATTyg7yi3a
+ Ring Setup b4
+ SRadio_IOT
+ Eisden1970
+ Ring Setup ab
+ SpectrumSetup-8E
+ Danzen 1143
+ WiFi-Repeater
+ BTOPEagleRockYC
+ DT Studio Slim2648.l016
+ myChevrolet 8dc3
+ SpectrumSetup-32E7
+ CAILOU_Guest
+ chimecho
+ Hotspot8C6D
+ ROVE_R2-4K_b9e78c
+ WAVLINK-AX_8F59EXT2.4G
+ Hotspot764E
+ A4_8dca2
+ My BMW Hotspot 8748
+ SpectrumSetup-64
+ ENTSA
+ Blackvue750S-F334E1
+ DIRECT-MBUX 43837
+ Sherry's Z Flip5
+ SpectrumSetup-B0
+ SpectrumSetup-C0
+ MB Hotspot 85951 2.4 GHz
+ MB Hotspot 61223 2.4 GHz
+ FlamingoDingo-guest
+ FlamingoDingo
+ SpectrumSetup-9B
+ myChevrolet
+ BIDEN2020
+ SpectrumSetup-80
+ Sky340
+ SpectrumSetup-63E5
+ Linksys03508
+ Linksys03508-guest
+ Sebachelor Pad
+ Verizon-RC400L-18
+ Danzig
+ DIRECT-Rp-myCadillac
+ PCHS
+ Family1
+ Digigb
+ TMOBILE-BB33
+ MySpectrumWiFie8-2G
+ SpectrumSetup-36
+ MySpectrumWiFic8-2G
+ ATT376
+ SpectrumSetup-45
+ MB Hotspot 17336 2.4 GHz
+ TanyasWiFi
+ VM-Family
+ LIFX Color 754eab
+ Wemo.Mini.CAC
+ TMOBILE-AF1E
+ LakerNation3300
+ SpectrumSetup-C1
+ MySpectrumWiFif0-2G
+ SpectrumSetup-EB
+ Tineco_0785
+ SpectrumSetup-4D35
+ Houseof1000Corpses
+ Jackson305
+ ourlittlesecret2G
+ myBuick1498
+ CONNECT_D2
+ SpectrumSetup-28
+ SpectrumSetup-F0
+ ATT4N7m8Y6
+ jmshome
+ HotspotA79B
+ TMOBILE-4461
+ TMOBILE-4401
+ Verizon_TZS94K
+ SpectrumSetup-1F61
+ Estrada
+ SpectrumSetup-2012
+ NETGEAR77_EXT
+ SpectrumSetup-B560
+ Estradation
+ MySpectrumWiFi8D-2G
+ SpectrumSetup-1F
+ MyCharterWiFi22-2G
+ SpectrumSetup-F7
+ SpectrumSetup-363A
+ Secret Lair-2G
+ LowlyTrophy
+ MySpectrumWiFid8-2G
! Utf8Error { valid_up_to: 3, error_len: Some(1) }, [0, 0, 66, 238, 0, 0, 0, 13, 0, 0, 0, 0, 99, 0, 0, 0, 0, 0, 1, 32, 0, 0, 66, 156, 128, 6, 0, 183, 0, 0, 66, 103]
! Utf8Error { valid_up_to: 2, error_len: Some(1) }, [17, 6, 198, 34, 196, 0, 8, 151, 0, 1, 0, 231, 128, 192, 62, 151, 192, 0, 0, 231, 128, 160, 0, 55, 69, 130, 64, 183, 197, 173, 222, 147, 133, 229, 171, 35, 42, 181, 242, 151, 112, 0, 0, 231, 128, 128, 43, 111, 0, 0, 0, 121, 113, 6, 214, 34, 212, 38, 210, 74, 208, 78, 206, 82, 204]
! Utf8Error { valid_up_to: 0, error_len: Some(1) }, [199, 218, 0]
! Utf8Error { valid_up_to: 2, error_len: Some(1) }, [81, 3, 201, 217, 0, 3, 172, 137, 0, 51, 53, 181, 2, 209, 69, 179, 11, 185, 2, 226, 155, 5, 129, 183, 5, 0, 2, 193, 21, 109, 141, 35, 164, 171, 0, 55, 5, 0, 128, 35, 166, 171, 0, 19, 21, 73, 0, 42, 156, 35, 32, 108, 17, 3, 165, 11, 0, 19, 101, 5, 1, 35, 160, 171, 0, 131, 196, 148, 0, 131, 165, 74, 1, 82, 133, 130, 149, 170, 133, 21, 69, 99, 138, 5, 42, 131, 201, 201, 0, 141, 204, 133, 69, 183, 7, 9, 96, 19, 149, 41, 0, 55, 38, 7, 66, 19, 6, 6, 225, 50, 149, 4, 65, 19, 134, 71, 0, 55, 21, 9, 96, 147, 6, 69, 85, 19, 7, 69, 7, 130, 132, 137, 69, 19, 134, 135, 0, 147, 6, 133, 85, 19, 7, 133, 7, 25, 164, 78, 133, 151, 192, 0, 0, 231, 128, 96, 135, 13, 164, 183, 5, 0, 8, 19, 134, 7, 7, 147, 6, 5, 92, 19, 7, 5, 14, 229, 162, 193, 101, 19, 134, 71, 4, 147, 6, 69, 89, 19, 7, 69, 11, 225, 170, 145, 101, 19, 134, 199, 3, 147, 6, 197, 88, 19, 7, 197, 10, 225, 162, 19, 134, 7, 3, 147, 6, 5, 88, 19, 7, 5, 10, 133, 69, 174, 5, 93, 170, 193, 69, 19, 134, 71, 1, 147, 6, 69, 86, 19, 7, 69, 8, 93, 162, 133, 101]
! Utf8Error { valid_up_to: 2, error_len: Some(1) }, [10, 89, 170, 147, 5, 0, 32, 19, 134, 135, 2, 147, 6, 133, 87, 19, 7, 133, 9, 81, 162, 183, 5, 0, 2, 19, 134, 135, 6, 147, 6, 133, 91, 19, 7, 133, 13, 141, 170, 183, 5, 0, 1, 19, 134, 71, 6, 147, 6, 69, 91, 19, 7, 69, 13, 133, 162, 145, 69, 19, 134, 199, 0, 147, 6, 197, 85, 19, 7]
! Utf8Error { valid_up_to: 1, error_len: Some(1) }, [6, 197, 87, 19, 7, 197, 9, 65, 168, 147, 5, 0, 16, 19, 134, 71, 2, 147, 6, 69, 87, 19, 7, 69, 9, 189, 168, 183, 5, 0, 64, 19, 134, 199, 7, 147, 6, 197, 92, 19, 7, 197, 14, 181, 160, 183, 5, 64, 0, 19, 134, 199, 5, 147, 6, 197, 90, 19, 7, 197, 12, 169, 168, 183, 5, 8, 0, 19, 134, 7, 5, 147, 6, 5, 90, 19, 7, 5, 12, 161, 160, 183, 5, 128, 0, 19, 134, 7, 6, 147, 6, 5, 91, 19, 7, 5, 13, 29, 168, 183, 5, 0, 16, 19, 134, 71, 7, 147, 6, 69, 92, 19, 7, 69, 14, 21, 160, 183, 5, 0, 32, 19, 134, 135, 7, 147, 6, 133, 92, 19, 7, 133, 14, 9, 168, 183, 5, 0, 4, 19, 134, 199, 6, 147, 6, 197, 91]
! Utf8Error { valid_up_to: 0, error_len: Some(1) }, [128, 224, 138, 29, 69, 178, 80, 34, 84, 146, 84, 2, 89, 242, 73, 98, 74, 210, 74, 66, 75, 178, 75, 34, 76, 69, 97, 130, 128, 1, 17, 6, 206, 34, 204, 38, 202, 74, 200, 78, 198, 82, 196, 86, 194, 90, 192, 0, 16, 170, 137, 131, 74, 69, 0, 3, 69, 85, 0, 17, 70, 35, 130, 201, 0, 99, 131, 202, 16, 3, 166, 9, 0, 3, 43, 6, 0, 1, 73, 115, 121, 4, 48, 55, 198, 128, 64, 131, 38, 11, 0, 3, 74, 6, 222, 5, 71, 35, 0, 230, 222, 237, 234, 3, 38, 139, 5, 253, 86, 35, 32, 219, 0, 81, 198, 131, 70, 139, 8, 153, 202, 148, 65, 208, 65, 19, 5, 75, 3, 182, 133, 151, 0, 0, 0, 231, 128, 224, 21, 149, 168, 131, 37, 75, 8, 142, 5, 218, 149, 240, 209, 3, 38, 75, 8, 34, 5, 51, 101, 85, 1, 168, 209, 5, 6, 19, 5, 198, 255, 131, 37, 11, 8, 19, 53, 21, 0, 125, 21, 113, 141, 35, 34, 171, 8, 99, 149, 165, 0, 5, 69, 35, 4, 171, 8, 3, 37, 139, 0, 131, 37, 203, 0, 5, 5, 19, 54, 21, 0, 131, 42, 11, 3, 178, 149, 35, 36, 171, 0, 35, 38, 187, 0, 35, 40, 11, 2, 99, 141, 10, 0]
+ %

! Utf8Error { valid_up_to: 0, error_len: Some(1) }, [134, 153, 201, 54, 134, 216, 66, 161, 6, 225, 21, 227, 27, 71, 255, 16, 66, 227, 24, 54, 255, 177, 160, 145, 69, 99, 16, 181, 2, 35, 32, 9, 2, 147, 4, 73, 0, 147, 10, 73, 2, 131, 165, 196, 255, 136, 64, 204, 65, 130, 149, 161, 4, 227, 154, 84, 255, 131, 165, 9, 0, 82, 133, 130, 149, 3, 38, 9, 2, 141, 70, 99, 236, 198, 0, 14, 6, 74, 150, 8, 194, 3, 37, 9, 2, 76, 194, 5, 5, 35, 32, 169, 2, 17, 160, 17, 233, 242, 80, 98, 84, 210, 84, 66, 89, 178, 89, 34, 90, 146, 90, 33, 97, 130, 128, 80, 69, 46, 133, 2, 150, 55, 37, 7, 66, 19, 5, 69, 108, 35, 38, 164, 252, 5, 69, 35, 40, 164, 252, 35, 46, 4, 252, 17, 69, 35, 42, 164, 252, 35, 44, 4, 252, 183, 37, 7, 66, 147, 133, 5, 116, 19, 5, 196, 252, 151, 112, 0, 0, 231, 128, 0, 214, 29, 113, 134, 206, 162, 204, 166, 202, 202, 200, 206, 198, 210, 196, 214, 194, 218, 192, 94, 222, 98, 220, 102, 218, 106, 216, 110, 214, 128]
! Utf8Error { valid_up_to: 0, error_len: Some(1) }, [134, 165, 64, 147, 117, 117, 0, 147, 182, 21, 0, 33, 71, 13, 143, 253, 22, 51, 249, 230, 0, 147, 5, 137, 4, 99, 110, 182, 40, 42, 153, 46, 149, 183, 245, 129, 64, 35, 172, 165, 12, 19, 6, 128, 4, 74, 133, 129, 69, 151, 0]
! Utf8Error { valid_up_to: 0, error_len: Some(1) }, [136, 3, 167, 72, 0, 99, 2, 183, 6, 51, 183, 229, 0, 61, 227, 15, 0, 48, 3, 131, 166, 136, 0, 15, 0, 48, 2, 182, 132, 141, 138, 19, 135, 136, 0, 99, 156, 118, 3, 147, 135, 36, 0, 175, 38, 7, 22, 227, 150, 150, 254, 47, 38, 247, 26, 117, 250, 131, 167, 8, 1, 15, 0, 48, 3, 132, 67, 15, 0, 48, 2, 38, 134, 35, 166, 152, 0, 175, 164, 7, 22, 227, 155, 196, 254, 175]
! Utf8Error { valid_up_to: 1, error_len: Some(1) }, [32, 181, 103, 136, 66, 121, 245, 25, 160, 253, 85, 125, 86, 3, 197, 201, 0, 151, 192, 0, 0, 231, 128, 160, 42, 82, 133, 115, 117, 4, 48, 55, 198, 128, 64, 131, 69, 6, 222, 183, 198, 128, 64, 35, 0, 118, 223]
! Utf8Error { valid_up_to: 7, error_len: Some(1) }, [19, 35, 38, 113, 19, 35, 36, 129, 19, 35, 34, 145, 19, 35, 32, 161, 19, 35, 46, 177, 17, 128, 10, 170, 140, 3, 69, 5, 4, 19, 137, 12, 2, 35, 46, 148, 235, 35, 44, 36, 235, 1, 197, 3, 172, 204, 3, 37, 162, 35, 34, 4, 236, 35, 32, 4, 236, 147, 5, 4, 236, 33, 70, 151, 0, 128, 254, 231, 128, 224, 178, 3, 69, 52, 236, 19, 6, 240, 4, 129, 69, 99, 107, 166, 0, 9, 129, 19, 117, 197, 3, 183, 133, 7, 66, 147, 133]
! Utf8Error { valid_up_to: 1, error_len: Some(1) }, [36, 164, 236, 35, 38, 4, 236, 19, 5, 180, 252, 147, 5, 4, 236, 151, 208, 0, 0, 231, 128, 0, 145, 185, 172, 55, 37, 7, 66, 19, 5, 69, 102, 151, 128]
+ Ratcam
+ myChevrolet5242
+ RTC Transit WiFi
+ CHRetail
+ SP511E_8F69D9
+ S2133B000127
+ CH Wifi
+ CH Guest
+ ATemp
+ CH Store
+ S2133B000140
+ NETGEAR63